1	0	0	0	0	0	0	0	0	0
2	0	0	0	0	0	0	0	0	0
3	0	0	0	0	0	0	0	0	0
4	0	0	0	0	0	0	0	0	0
from [0] [0] to [1] [3]
0	0	0	0	0	0	0	0	0	0
2	0	0	0	0	0	0	0	0	0
3	0	0	0	0	0	0	0	0	0
4	1	0	0	0	0	0	0	0	0
from [0] [1] to [3] [3]
0	0	0	0	0	0	0	0	0	0
0	0	0	0	0	0	0	0	0	0
3	0	0	0	0	0	0	0	0	0
4	1	0	2	0	0	0	0	0	0
from [0] [2] to [4] [3]
0	0	0	0	0	0	0	0	0	0
0	0	0	0	0	0	0	0	0	0
0	0	0	0	0	0	0	0	0	0
4	1	0	2	3	0	0	0	0	0
from [0] [3] to [2] [3]
0	0	0	0	0	0	0	0	0	0
0	0	0	0	0	0	0	0	0	0
0	0	0	0	0	0	0	0	0	0
0	1	4	2	3	0	0	0	0	0
from [4] [3] to [2] [2]
0	0	0	0	0	0	0	0	0	0
0	0	0	0	0	0	0	0	0	0
0	0	3	0	0	0	0	0	0	0
0	1	4	2	0	0	0	0	0	0
from [3] [3] to [2] [1]
0	0	0	0	0	0	0	0	0	0
0	0	2	0	0	0	0	0	0	0
0	0	3	0	0	0	0	0	0	0
0	1	4	0	0	0	0	0	0	0
from [1] [3] to [2] [0]
0	0	1	0	0	0	0	0	0	0
0	0	2	0	0	0	0	0	0	0
0	0	3	0	0	0	0	0	0	0
0	0	4	0	0	0	0	0	0	0
